#7. Calculate the following

q7_1 <- matrix(c(1,2,7,2,4,6),3,2)
q7_2 <- matrix(c(10,20,30,40,50,60),3,2)
result7 <- 2 * (q7_1 - q7_2)
result7